52	42	60
110	110	110	110	110	110	110	110	110	110	110	110	110	110	110	110	110	110	110	110	110	110	110	110	110	110	110	110	110	110	110	110	110	110	110	110	110	110	110	110	110	110	110	110	110	110	110	110	110	110	110	110	

110	0	0	0	0	0	0	0	0	0	0	4	44	44	44	44	44	44	4	0	0	0	0	0	0	0	0	0	0	0	0	0	0	0	0	0	0	0	44	10	11	10	44	0	4	4	44	4	4	44	4	110	

110	0	0	0	0	0	0	0	0	2	0	4	4	4	34	34	4	4	4	0	2	0	0	0	0	0	0	0	0	0	0	0	0	0	0	0	0	0	44	10	11	10	44	0	4	44	4	44	44	44	44	110	

110	0	0	30	30	30	30	30	30	0	0	4	44	4	4	4	4	34	4	0	0	30	30	30	30	30	30	30	30	0	0	30	30	30	30	30	30	0	44	10	11	10	44	0	4	4	4	4	4	4	4	110

110	0	0	30	30	30	30	30	30	0	0	4	44	4	4	4	4	34	4	0	0	30	44	4	4	4	4	4	30	0	0	30	30	30	30	30	30	0	44	10	11	10	0	0	0	0	0	0	0	0	0 	110

110	0	0	4	44	4	44	4	4	0	0	4	44	4	4	4	4	34	4	0	0	30	44	4	4	44	4	4	30	0	0	4	4	4	44	44	4	0	44	10	11	10	0	0	44	44	44	44	44	44	44	110	

110	0	0	0	0	0	0	0	0	0	0	4	4	4	34	34	4	4	4	0	0	30	44	4	30	30	4	44	30	0	0	0	0	0	0	0	0	0	44	10	10	10	10	10	10	10	10	10	10	10	10	110	

110	0	0	30	30	30	30	30	30	0	0	4	44	4	4	4	4	34	4	0	0	30	0	0	30	30	4	44	30	0	0	30	30	30	30	30	30	0	44	10	10	10	12	12	12	12	12	12	12	12	12	110

110	0	0	30	30	30	30	30	30	0	0	4	44	4	4	4	4	34	4	0	0	0	0	0	30	30	4	44	30	0	0	30	30	30	30	30	30	0	44	10	10	10	10	10	10	10	10	10	10	10	10 	110

110	0	0	44	4	4	4	44	4	0	0	4	44	4	4	4	4	34	4	0	0	30	0	0	30	30	4	4	30	0	0	44	4	4	44	4	4	0	44	10	11	10	0	0	44	44	44	44	44	44	44	110	

110	0	0	0	0	0	0	0	0	0	0	4	4	4	34	34	4	4	4	0	0	30	44	4	4	4	44	4	30	0	0	0	0	0	0	0	0	0	44	10	11	10	0	0	0	0	0	0	0	0	0	110	

110	0	0	30	30	30	30	30	30	0	0	4	44	44	44	44	44	44	4	0	0	30	44	4	44	4	4	4	30	0	0	30	30	30	30	30	30	0	44	10	11	10	44	0	30	30	30	30	30	30	30	110

110	0	0	30	30	30	30	30	30	0	0	4	4	4	4	4	4	4	4	0	0	30	30	30	30	30	30	30	30	0	0	30	30	30	30	30	30	0	44	10	11	10	44	0	30	37	30	0	0	0	0 	110

110	0	0	0	0	0	0	0	0	0	0	0	0	0	0	0	0	0	0	1	0	0	0	0	0	0	0	0	0	0	0	0	0	0	0	0	0	0	44	10	11	10	44	0	30	30	30	0	44	4	44	110	

110	0	0	44	44	44	44	44	44	0	0	0	0	0	0	0	0	0	0	0	0	0	0	0	4	4	4	4	4	4	4	4	4	0	0	0	0	0	44	10	11	10	44	0	30	0	0	0	0	0	0	110

110	0	0	30	30	30	30	30	30	0	0	10	10	10	10	10	10	10	10	0	0	30	30	0	0	0	0	4	44	4	4	4	4	0	0	30	30	0	44	10	11	10	44	0	30	0	0	17	7	0	0	110

110	0	0	30	30	30	30	30	30	0	0	10	10	12	12	12	12	10	10	0	0	30	30	0	16	6	0	4	44	44	44	44	4	0	0	30	30	0	44	10	11	10	44	0	30	0	0	27	0	0	0	110

110	0	0	30	30	0	0	30	30	0	0	10	11	10	10	10	10	11	10	0	0	30	30	0	0	26	0	4	4	4	4	4	4	0	0	30	30	0	44	10	11	10	44	0	30	0	0	0	0	0	0	110	

110	0	0	30	30	0	0	30	30	0	0	10	11	10	4	4	10	11	10	0	0	30	36	0	0	0	0	0	0	0	0	0	0	0	0	30	30	0	44	10	11	10	44	0	30	30	30	0	44	4	44	110

110	0	0	30	30	30	30	30	30	0	0	10	11	10	4	4	10	11	10	0	0	30	30	36	30	30	30	30	30	30	30	30	30	0	0	30	30	0	44	10	11	10	44	0	30	37	30	0	0	0	0	110

110	0	0	30	30	30	30	30	30	0	0	10	11	10	4	4	10	11	10	0	0	30	30	30	30	30	30	30	30	30	30	30	30	0	0	30	30	0	44	10	11	10	44	0	30	30	30	30	30	30	30	110

110	0	0	0	0	0	0	0	0	2	0	10	11	10	44	4	10	11	10	0	2	0	0	0	0	0	0	0	0	0	0	0	0	0	0	0	0	0	0	10	11	10	0	0	0	0	0	0	0	0	0	110

110	0	0	0	0	0	0	0	0	0	0	10	11	10	4	44	10	11	10	0	0	4	44	4	0	0	0	0	0	0	0	0	0	0	4	4	4	0	0	10	11	10	0	0	44	44	44	44	44	44	44	110

110	10	10	10	10	10	10	10	10	10	10	10	10	10	10	10	10	10	10	10	10	10	10	10	10	10	10	10	10	10	10	10	10	10	10	10	10	10	10	10	10	10	10	10	10	10	10	10	10	10	10	110

110	12	12	12	12	12	12	12	12	12	12	10	10	10	12	12	10	10	10	12	12	12	12	12	12	12	12	12	12	12	12	12	12	12	12	12	12	12	12	10	10	10	12	12	12	12	12	12	12	12	12	110	

110	10	10	10	10	10	10	10	10	10	10	10	10	10	10	10	10	10	10	10	10	10	10	10	10	10	10	10	10	10	10	10	10	10	10	10	10	10	10	10	10	10	10	10	10	10	10	10	10	10	10	110

110	4	44	44	4	44	4	4	44	4	4	10	11	10	4	4	10	11	10	0	0	4	44	4	44	4	4	4	44	44	4	4	44	44	44	44	4	0	0	10	11	10	4	44	4	44	44	4	4	44	4	110

110	44	44	4	44	4	44	44	4	44	4	10	11	10	4	4	10	11	10	0	0	4	44	4	4	44	44	4	44	4	4	44	4	44	4	44	4	0	0	10	11	10	4	4	44	4	4	44	4	4	44	110

110	10	10	10	10	10	10	10	10	10	10	10	10	10	10	10	10	10	10	10	10	10	10	10	10	10	10	10	10	10	10	10	10	10	10	10	10	10	10	10	10	10	10	10	10	10	10	10	10	10	10	110

110	12	12	12	12	12	12	12	12	12	12	10	10	10	12	12	10	10	10	12	12	12	12	12	12	12	12	12	12	12	12	12	12	12	12	12	12	12	12	10	10	10	12	12	12	12	12	12	12	12	12	110	

110	10	10	10	10	10	10	10	10	10	10	10	10	10	10	10	10	10	10	10	10	10	10	10	10	10	10	10	10	10	10	10	10	10	10	10	10	10	10	10	10	10	10	10	10	10	10	10	10	10	10	110




110	0	0	0	0	0	0	0	0	18	0	10	11	10	4	4	10	11	10	0	0	0	0	0	0	0	0	0	0	0	0	0	0	0	4	4	4	0	0	10	11	10	0	0	43	43	43	43	43	43	43	110

110	0	30	30	30	30	30	30	0	8	28	10	11	10	4	4	10	11	10	0	44	0	30	30	4	0	0	0	0	0	0	0	0	0	0	0	0	2	0	10	11	10	0	0	0	0	0	0	0	0	0	110

110	0	30	38	30	30	38	30	0	4	0	10	11	10	4	4	10	11	10	0	44	0	30	30	4	4	0	30	30	4	0	30	30	4	0	30	30	0	0	10	11	10	3	3	3	3	3	3	3	3	3	110

110	0	0	0	0	0	0	0	0	44	4	10	11	10	4	4	10	11	10	0	4	0	4	4	4	4	0	30	30	44	0	30	30	4	0	30	30	0	0	10	11	10	3	3	3	3	3	3	3	3	3	110

110	4	4	4	4	4	4	4	4	4	44	10	11	4	4	4	10	11	10	0	4	0	4	44	4	4	0	30	30	4	0	30	30	4	0	30	30	0	0	10	11	10	3	3	3	3	3	3	3	3	3	110

110	44	4	44	4	44	4	44	4	44	44	4	11	10	4	4	10	11	10	0	4	4	44	4	4	4	0	30	30	4	0	30	30	44	0	30	30	0	0	10	11	10	3	3	3	3	3	3	3	3	3	110

110	44	44	4	44	4	2	4	44	4	4	10	11	4	44	4	10	11	10	4	44	0	4	44	44	4	0	30	30	4	0	30	30	44	0	30	30	0	0	10	11	10	3	3	3	3	3	3	19	0	0	110

110	4	44	4	4	44	4	44	44	4	4	10	4	10	44	44	10	11	10	4	44	4	44	4	44	4	0	30	30	4	0	30	30	4	0	30	30	0	0	10	11	10	3	3	3	3	3	29	9	0	30	110

110	4	44	44	44	44	4	4	44	4	44	4	11	44	4	44	10	11	10	44	4	44	4	44	44	4	0	0	0	0	0	0	0	0	0	0	0	0	0	10	11	10	3	3	3	3	3	0	0	30	39	110

110	4	4	4	44	4	4	4	4	44	4	44	4	4	44	4	10	11	10	4	44	44	4	4	44	44	0	0	0	0	0	0	0	0	0	0	0	0	0	10	11	10	3	3	3	3	3	0	30	39	30	110



110	110	110	110	110	110	110	110	110	110	110	110	110	110	110	110	110	110	110	110	110	110	110	110	110	110	110	110	110	110	110	110	110	110	110	110	110	110	110	110	110	110	110	110	110	110	110	110	110	110	110	110